桩号(km),经度,纬度,有效性
0.523,105.733974,33.733438,A
0.533,105.734022,33.733445,A
0.543,105.734104,33.733458,A
0.553,105.734104,33.733458,A
0.563,105.734326,33.733483,A
0.573,105.734476,33.733498,A
0.583,105.734569,33.733509,A
0.593,105.734639,33.733517,A
0.603,105.734745,33.733531,A
0.613,105.734828,33.733539,A
0.623,105.735005,33.733557,A
0.633,105.735041,33.733561,A
0.643,105.735131,33.733570,A
0.653,105.735304,33.733586,A
0.663,105.735386,33.733605,A
0.673,105.735487,33.733618,A
0.683,105.735602,33.733618,A
0.693,105.735700,33.733614,A
0.703,105.735788,33.733608,A
0.713,105.735865,33.733600,A
0.723,105.735999,33.733596,A
0.733,105.736142,33.733602,A
0.743,105.736228,33.733606,A
0.753,105.736319,33.733610,A
0.763,105.736319,33.733610,A
0.773,105.736539,33.733648,A
0.783,105.736545,33.733649,A
0.793,105.736545,33.733649,A
0.803,105.736870,33.733718,A
0.813,105.736942,33.733723,A
0.823,105.737005,33.733726,A
0.833,105.737126,33.733733,A
0.843,105.737126,33.733733,A
0.853,105.737379,33.733759,A
0.863,105.737474,33.733772,A
0.873,105.737598,33.733788,A
0.883,105.737668,33.733798,A
0.893,105.737829,33.733822,A
0.903,105.737859,33.733826,A
0.913,105.738014,33.733846,A
0.923,105.738157,33.733863,A
0.933,105.738277,33.733875,A
0.943,105.738336,33.733880,A
0.953,105.738566,33.733897,A
0.963,105.738644,33.733898,A
0.973,105.738707,33.733901,A
0.983,105.738795,33.733903,A
0.993,105.738936,33.733905,A
1.003,105.738948,33.733906,A
1.013,105.739117,33.733910,A
1.023,105.739124,33.733911,A
1.033,105.739124,33.733911,A
1.043,105.739124,33.733911,A
1.053,105.739124,33.733911,A
1.063,105.739682,33.733956,A
1.073,105.739806,33.734008,A
1.083,105.739808,33.734009,A
1.093,105.739960,33.734063,A
1.103,105.740062,33.734069,A
1.113,105.740165,33.734060,A
1.123,105.740165,33.734060,A
1.133,105.740405,33.734039,A
1.143,105.740427,33.734037,A
1.153,105.740595,33.734022,A
1.163,105.740695,33.734017,A
1.173,105.740768,33.734018,A
1.183,105.740920,33.734038,A
1.193,105.740952,33.734042,A
1.203,105.741079,33.734069,A
1.213,105.741254,33.734113,A
1.223,105.741323,33.734131,A
1.233,105.741376,33.734144,A
1.243,105.741376,33.734144,A
1.253,105.741376,33.734144,A
1.263,105.741376,33.734144,A
1.273,105.741376,33.734144,A
1.283,105.741982,33.734178,A
1.293,105.742064,33.734182,A
1.303,105.742157,33.734182,A
1.313,105.742334,33.734162,A
1.323,105.742392,33.734156,A
1.333,105.742392,33.734156,A
1.343,105.742602,33.734133,A
1.353,105.742745,33.734115,A
1.363,105.742758,33.734113,A
1.373,105.742881,33.734097,A
1.383,105.742881,33.734097,A
1.393,105.743146,33.734064,A
1.403,105.743151,33.734063,A
1.413,105.743151,33.734063,A
1.423,105.743433,33.734058,A
1.433,105.743440,33.734058,A
1.443,105.743440,33.734058,A
1.453,105.743759,33.734105,A
1.463,105.743792,33.734110,A
1.473,105.743792,33.734110,A
1.483,105.743792,33.734110,A
1.493,105.743792,33.734110,A
1.503,105.743792,33.734110,A
1.513,105.743792,33.734110,A
1.523,105.744449,33.734234,A
1.533,105.744500,33.734243,A
1.543,105.744683,33.734263,A
1.553,105.744766,33.734273,A
1.563,105.744768,33.734273,A
1.573,105.744994,33.734304,A
1.583,105.745015,33.734307,A
1.593,105.745015,33.734307,A
1.603,105.745303,33.734369,A
1.613,105.745303,33.734369,A
1.623,105.745555,33.734430,A
1.633,105.745628,33.734443,A
1.643,105.745638,33.734445,A
1.653,105.745638,33.734445,A
1.663,105.745939,33.734441,A
1.673,105.745997,33.734440,A
1.683,105.746183,33.734410,A
1.693,105.746258,33.734394,A
1.703,105.746269,33.734392,A
1.713,105.746468,33.734343,A
1.723,105.746597,33.734311,A
1.733,105.746602,33.734310,A
1.743,105.746737,33.734280,A
1.753,105.746873,33.734253,A
1.763,105.746873,33.734253,A
1.773,105.747040,33.734218,A
1.783,105.747154,33.734192,A
1.793,105.747154,33.734192,A
1.803,105.747349,33.734143,A
1.813,105.747349,33.734143,A
1.823,105.747349,33.734143,A
1.833,105.747665,33.734054,A
1.843,105.747767,33.734023,A
1.853,105.747895,33.733981,A
1.863,105.747992,33.733947,A
1.873,105.748085,33.733912,A
1.883,105.748204,33.733863,A
1.893,105.748210,33.733861,A
1.903,105.748210,33.733861,A
1.913,105.748210,33.733861,A
1.923,105.748525,33.733692,A
1.933,105.748588,33.733658,A
1.943,105.748588,33.733658,A
1.953,105.748782,33.733561,A
1.963,105.748914,33.733507,A
1.973,105.748914,33.733507,A
1.983,105.749144,33.733425,A
1.993,105.749210,33.733404,A
2.003,105.749210,33.733404,A
2.013,105.749435,33.733335,A
2.023,105.749435,33.733335,A
2.033,105.749435,33.733335,A
2.043,105.749721,33.733205,A
2.053,105.749833,33.733149,A
2.063,105.749845,33.733143,A
2.073,105.750046,33.733045,A
2.083,105.750120,33.733004,A
2.093,105.750194,33.732958,A
2.103,105.750300,33.732878,A
2.113,105.750368,33.732815,A
2.123,105.750449,33.732727,A
2.133,105.750499,33.732670,A
2.143,105.750555,33.732601,A
2.153,105.750600,33.732534,A
2.163,105.750653,33.732447,A
2.173,105.750693,33.732369,A
2.183,105.750732,33.732281,A
2.193,105.750769,33.732197,A
2.203,105.750812,33.732103,A
2.213,105.750816,33.732095,A
2.223,105.750874,33.731933,A
2.233,105.750893,33.731873,A
2.243,105.750917,33.731781,A
2.253,105.750937,33.731692,A
2.263,105.750971,33.731580,A
2.273,105.750978,33.731555,A
2.283,105.750978,33.731555,A
2.293,105.751029,33.731392,A
2.303,105.751060,33.731287,A
2.313,105.751089,33.731185,A
2.323,105.751121,33.731081,A
2.333,105.751121,33.731080,A
2.343,105.751121,33.731080,A
2.353,105.751121,33.731080,A
2.363,105.751264,33.730756,A
2.373,105.751290,33.730701,A
2.383,105.751332,33.730617,A
2.393,105.751376,33.730521,A
2.403,105.751420,33.730429,A
2.413,105.751447,33.730372,A
2.423,105.751486,33.730285,A
2.433,105.751513,33.730222,A
2.443,105.751551,33.730126,A
2.453,105.751551,33.730126,A
2.463,105.751551,33.730126,A
2.473,105.751616,33.729862,A
2.483,105.751642,33.729746,A
2.493,105.751646,33.729733,A
2.503,105.751687,33.729555,A
2.513,105.751689,33.729546,A
2.523,105.751727,33.729374,A
2.533,105.751729,33.729363,A
2.543,105.751760,33.729206,A
2.553,105.751777,33.729137,A
2.563,105.751817,33.729025,A
2.573,105.751845,33.728961,A
2.583,105.751874,33.728903,A
2.593,105.751923,33.728815,A
2.603,105.751938,33.728790,A
2.613,105.752017,33.728674,A
2.623,105.752036,33.728647,A
2.633,105.752036,33.728647,A
2.643,105.752195,33.728413,A
2.653,105.752199,33.728407,A
2.663,105.752279,33.728282,A
2.673,105.752338,33.728190,A
2.683,105.752350,33.728170,A
2.693,105.752432,33.728026,A
2.703,105.752445,33.728004,A
2.713,105.752547,33.727822,A
2.723,105.752548,33.727820,A
2.733,105.752548,33.727820,A
2.743,105.752548,33.727820,A
2.753,105.752724,33.727489,A
2.763,105.752747,33.727444,A
2.773,105.752774,33.727389,A
2.783,105.752826,33.727288,A
2.793,105.752826,33.727288,A
2.803,105.752907,33.727143,A
2.813,105.752964,33.727050,A
2.823,105.753033,33.726956,A
2.833,105.753033,33.726956,A
2.843,105.753151,33.726828,A
2.853,105.753189,33.726787,A
2.863,105.753330,33.726652,A
2.873,105.753377,33.726605,A
2.883,105.753443,33.726527,A
2.893,105.753496,33.726446,A
2.903,105.753524,33.726403,A
2.913,105.753577,33.726315,A
2.923,105.753577,33.726315,A
2.933,105.753663,33.726175,A
2.943,105.753724,33.726076,A
2.953,105.753780,33.725983,A
2.963,105.753791,33.725965,A
2.973,105.753886,33.725805,A
2.983,105.753896,33.725789,A
2.993,105.753954,33.725691,A
3.003,105.753971,33.725661,A
3.013,105.753971,33.725661,A
3.023,105.754087,33.725447,A
3.033,105.754144,33.725331,A
3.043,105.754159,33.725301,A
3.053,105.754159,33.725301,A
3.063,105.754254,33.725087,A
3.073,105.754280,33.725021,A
3.083,105.754280,33.725021,A
3.093,105.754340,33.724854,A
3.103,105.754355,33.724813,A
3.113,105.754355,33.724813,A
3.123,105.754408,33.724613,A
3.133,105.754436,33.724495,A
3.143,105.754453,33.724403,A
3.153,105.754453,33.724403,A
3.163,105.754453,33.724403,A
3.173,105.754480,33.724201,A
3.183,105.754480,33.724201,A
3.193,105.754505,33.724026,A
3.203,105.754514,33.723957,A
3.213,105.754535,33.723814,A
3.223,105.754547,33.723736,A
3.233,105.754567,33.723619,A
3.243,105.754583,33.723539,A
3.253,105.754586,33.723521,A
3.263,105.754620,33.723353,A
3.273,105.754620,33.723353,A
3.283,105.754651,33.723197,A
3.293,105.754677,33.723066,A
3.303,105.754682,33.723044,A
3.313,105.754682,33.723044,A
3.323,105.754723,33.722858,A
3.333,105.754748,33.722762,A
3.343,105.754755,33.722741,A
3.353,105.754755,33.722741,A
3.363,105.754849,33.722507,A
3.373,105.754885,33.722432,A
3.383,105.754929,33.722348,A
3.393,105.754974,33.722264,A
3.403,105.755021,33.722179,A
3.413,105.755021,33.722179,A
3.423,105.755116,33.722010,A
3.433,105.755171,33.721911,A
3.443,105.755198,33.721863,A
3.453,105.755270,33.721732,A
3.463,105.755284,33.721707,A
3.473,105.755337,33.721609,A
3.483,105.755362,33.721563,A
3.493,105.755362,33.721563,A
3.503,105.755362,33.721563,A
3.513,105.755362,33.721563,A
3.523,105.755582,33.721175,A
3.533,105.755668,33.721040,A
3.543,105.755709,33.720985,A
3.553,105.755783,33.720909,A
3.563,105.755832,33.720869,A
3.573,105.755934,33.720802,A
3.583,105.756045,33.720745,A
3.593,105.756162,33.720693,A
3.603,105.756163,33.720692,A
3.613,105.756340,33.720622,A
3.623,105.756355,33.720616,A
3.633,105.756489,33.720566,A
3.643,105.756489,33.720566,A
3.653,105.756680,33.720496,A
3.663,105.756756,33.720468,A
3.673,105.756882,33.720419,A
3.683,105.756882,33.720419,A
3.693,105.756882,33.720419,A
3.703,105.756882,33.720419,A
3.713,105.757185,33.720232,A
3.723,105.757185,33.720232,A
3.733,105.757352,33.720058,A
3.743,105.757352,33.720058,A
3.753,105.757471,33.719912,A
3.763,105.757538,33.719824,A
3.773,105.757599,33.719739,A
3.783,105.757642,33.719656,A
3.793,105.757652,33.719625,A
3.803,105.757675,33.719499,A
3.813,105.757705,33.719385,A
3.823,105.757723,33.719333,A
3.833,105.757786,33.719210,A
3.843,105.757790,33.719203,A
3.853,105.757879,33.719060,A
3.863,105.757907,33.719016,A
3.873,105.757973,33.718913,A
3.883,105.758021,33.718843,A
3.893,105.758039,33.718820,A
3.903,105.758126,33.718720,A
3.913,105.758126,33.718720,A
3.923,105.758299,33.718560,A
3.933,105.758346,33.718520,A
3.943,105.758463,33.718428,A
3.953,105.758545,33.718368,A
3.963,105.758562,33.718356,A
3.973,105.758700,33.718248,A
3.983,105.758753,33.718202,A
3.993,105.758844,33.718120,A
4.003,105.758855,33.718110,A
4.013,105.759004,33.717994,A
4.023,105.759112,33.717925,A
4.033,105.759202,33.717873,A
4.043,105.759265,33.717837,A
4.053,105.759354,33.717785,A
4.063,105.759453,33.717719,A
4.073,105.759528,33.717665,A
4.083,105.759589,33.717621,A
4.093,105.759715,33.717529,A
4.103,105.759797,33.717469,A
4.113,105.759846,33.717435,A
4.123,105.759849,33.717433,A
4.133,105.760023,33.717313,A
4.143,105.760123,33.717241,A
4.153,105.760130,33.717236,A
4.163,105.760262,33.717144,A
4.173,105.760354,33.717083,A
4.183,105.760357,33.717082,A
4.193,105.760357,33.717082,A
4.203,105.760357,33.717082,A
4.213,105.760666,33.716864,A
4.223,105.760666,33.716864,A
4.233,105.760797,33.716728,A
4.243,105.760860,33.716662,A
4.253,105.760959,33.716553,A
4.263,105.761022,33.716481,A
4.273,105.761094,33.716402,A
4.283,105.761164,33.716326,A
4.293,105.761200,33.716288,A
4.303,105.761200,33.716288,A
4.313,105.761304,33.716175,A
4.323,105.761304,33.716175,A
4.333,105.761456,33.716013,A
4.343,105.761523,33.715944,A
4.353,105.761534,33.715933,A
4.363,105.761657,33.715787,A
4.373,105.761715,33.715706,A
4.383,105.761770,33.715625,A
4.393,105.761770,33.715625,A
4.403,105.761851,33.715464,A
4.413,105.761868,33.715416,A
4.423,105.761889,33.715284,A
4.433,105.761901,33.715208,A
4.443,105.761918,33.715112,A
4.453,105.761927,33.715065,A
4.463,105.761927,33.715065,A
4.473,105.761959,33.714825,A
4.483,105.761959,33.714822,A
4.493,105.761980,33.714645,A
4.503,105.761991,33.714595,A
4.513,105.761991,33.714595,A
4.523,105.762031,33.714364,A
4.533,105.762045,33.714283,A
4.543,105.762067,33.714201,A
4.553,105.762094,33.714126,A
4.563,105.762110,33.714087,A
4.573,105.762165,33.713945,A
